[0.05939321535345923, 0.07436704297351776, 0.3411053504286575, 31]
[0.047531980423231666, 0.07482920440979424, 0.10004574992693796, 14]
[0.049239541192780345, 0.01233336086451022, 0.3198649911514837, 19]
[0.059571811231711805, 0.07373330403562944, 0.21636189556517774, 18]
[0.09703268551123091, 0.059250902425815016, 0.4890737439859537, 20]
[0.029979385398076555, 0.08836590755596388, 0.1826876621357706, 14]
[0.09035741362924014, 0.03987818247710595, 0.42849164922313276, 20]
[0.016867746043656148, 0.08019269130161032, 0.2753636925763574, 14]
[0.08860864625126347, 0.09716865965388388, 0.447677816085568, 38]
[0.010933673849712996, 0.0551687132933865, 0.29830931725365845, 14]
[0.07941885789400714, 0.011867675442346135, 0.35345929397051024, 19]
[0.026224271998909227, 0.011752771733886213, 0.2852874105993378, 19]
[0.023874655814170517, 0.07660447268638643, 0.20532600607405388, 14]
[0.07999321695164383, 0.031378709803142106, 0.4297114130645474, 20]
[0.05625490093954213, 0.0795848546871367, 0.4481710742899251, 24]
[0.08639359275417209, 0.026100633242889866, 0.12174528572257258, 17]
[0.030096197123818502, 0.05708470072606086, 0.32028058263247244, 16]
[0.036519850241839874, 0.05775280800447648, 0.17660831477899797, 15]
[0.06853368175656326, 0.055490803636135864, 0.4514405883686208, 20]
[0.018778024157450644, 0.07851247450073708, 0.19877518926653082, 14]
[0.06293177209695469, 0.09079423551184762, 0.4566122917898833, 25]
[0.014385239272821457, 0.03601986938108352, 0.38838653873249196, 15]
[0.02876144836229584, 0.05335129555870294, 0.2682152141257499, 15]
[0.05655680954619304, 0.09522663434333327, 0.4061839037587628, 17]
[0.09640155730023267, 0.07295608449546184, 0.49994691704955174, 20]
[0.08831117229644908, 0.06240492358053039, 0.21153557628042763, 18]
[0.03771414573624738, 0.05674523313747707, 0.4073190646151894, 21]
[0.04831492694670063, 0.08331253664450974, 0.39415891607987186, 17]
[0.07561123680602072, 0.06051156420948771, 0.1499868368036964, 18]
[0.08773839870130747, 0.035641536870486414, 0.12930255523349443, 17]
[0.06797291824615015, 0.044267364067160496, 0.3652191621342674, 19]
[0.03574484394944641, 0.09622950098671, 0.40812517288755124, 15]
[0.08730003405637358, 0.0435440039477752, 0.3220515111994387, 19]
[0.0323659114693957, 0.0504977878945716, 0.2643763211986163, 17]
[0.01347055127932687, 0.08020904144722076, 0.13708150213365333, 13]
[0.05122494534016816, 0.03775146462684205, 0.19259481801422493, 18]
[0.07556564724361531, 0.0641452791133192, 0.4808722669624055, 20]
[0.09500469425715762, 0.05176883568739669, 0.17711801158286306, 18]
[0.04462958075650694, 0.08737370619315572, 0.477679854322968, 17]
[0.05922002405308193, 0.08181091191543448, 0.42816075195935255, 28]
[0.04669183252722576, 0.014982943610067408, 0.41541395099470113, 19]
[0.032583126137044616, 0.014148623860535059, 0.3707264964442234, 19]
[0.04370861069626263, 0.09556428757689246, 0.39279757672456206, 16]
[0.020354910975080107, 0.06481598853515333, 0.15335638567439533, 14]
[0.08513579337990845, 0.01943164939328828, 0.39785619267180716, 20]
[0.09901103621280402, 0.059459025416025296, 0.21257892078202514, 18]
[0.08054491157251756, 0.06713503354474572, 0.19961723660629957, 19]
[0.02021396247042846, 0.0977034784992811, 0.3914938534004425, 15]
[0.011574124383803737, 0.09024159404622326, 0.21394446698956734, 13]
[0.037086801027032316, 0.0322355648765633, 0.4705340540236703, 21]
[0.054514148098421936, 0.03052747940044026, 0.20218956950288455, 18]
[0.07081582739531972, 0.014024096398265143, 0.23732146901703693, 18]
[0.08407993066388128, 0.012350618341288061, 0.1843082559725176, 18]
[0.08619961664891206, 0.06050489862385308, 0.2819501609623012, 18]
[0.047816467042669654, 0.04269155472685771, 0.17395067510458068, 19]
[0.018379745800467223, 0.09744903279908088, 0.29354399218545846, 14]
[0.09857726654883191, 0.0400071039413188, 0.36948064986765505, 19]
[0.017861467861195756, 0.030742938959655526, 0.2644244282555651, 16]
[0.04285950247204246, 0.05060853243040042, 0.29842413950711577, 34]
[0.09316316040169828, 0.024208352248131282, 0.44676603072631893, 20]
[0.03707859970419569, 0.02682512347076902, 0.22927307078728779, 19]
[0.08420225283219536, 0.026321475924747983, 0.45093070728282103, 20]
[0.013037923938088749, 0.054019675716902624, 0.4384340389123532, 15]
[0.05985469202505279, 0.04566231043348301, 0.11925070903203068, 17]
[0.04411886728903931, 0.06103883504616527, 0.33823700506284876, 18]
[0.029678054513248543, 0.01282624475523225, 0.21485011093588136, 18]
[0.023885882031814826, 0.022032960463005936, 0.24507418647075505, 21]
[0.05912662869414808, 0.08729709495322231, 0.3743570346266317, 18]
[0.03334343229535991, 0.013902494604571023, 0.3328121368506417, 19]
[0.03666242455051902, 0.08281609441059941, 0.24010101008936457, 15]
[0.09347324847570629, 0.08851836649682941, 0.3338525090382213, 20]
[0.02670177473366854, 0.044793937273786305, 0.4327584794548679, 18]
[0.019606438202977965, 0.07159083699508187, 0.3139850469564349, 15]
[0.06784209242074712, 0.05847588378720523, 0.304759192983452, 20]
[0.02819820640872172, 0.08060928436995049, 0.44421489569481254, 15]
[0.061204619810732115, 0.01593678048304982, 0.45524426796010287, 20]
[0.03797468197807198, 0.0837088498646965, 0.23390104982861004, 15]
[0.09271981286192636, 0.067797603993147, 0.4014848918916707, 19]
[0.014336310475021392, 0.07128667124809461, 0.41947842716152073, 15]
[0.05506013137063431, 0.052126068335330365, 0.30031301025689294, 21]
[0.05697241448502294, 0.07294657303131977, 0.20794758842918012, 17]
[0.04198772060247129, 0.04067639890203715, 0.47324257691262794, 22]
[0.034770310282120395, 0.06753076848327427, 0.3495596849341519, 16]
[0.033133818439462594, 0.07154088247639653, 0.3654567030276462, 16]
[0.014143689426833696, 0.04332180845040393, 0.1969273069965619, 14]
[0.06583364330979305, 0.05580577617808664, 0.2192979367034915, 19]
[0.028234625826600142, 0.028638379365487583, 0.16105509732009837, 23]
[0.06906377667096612, 0.09594112392219048, 0.48835041399752654, 32]
[0.06827959444177212, 0.05564347193917722, 0.3113365520608958, 20]
[0.054972488842195064, 0.03303434208805032, 0.2032402523954298, 18]
[0.023774877888953223, 0.024191709490846657, 0.49419644567326104, 25]
[0.028090323650617657, 0.03961184198429638, 0.21859987548042886, 17]
[0.08972924494938632, 0.08097234101233522, 0.26989125259004304, 20]
[0.06457189039988279, 0.06917604117560341, 0.22289640373742797, 36]
[0.07474472076195626, 0.06464990580597905, 0.37594464583150555, 20]
[0.030592313880121104, 0.027161921676176468, 0.45454386839295946, 21]
[0.0293218200115144, 0.09185521342074973, 0.4268941492653827, 15]
[0.08532497118380714, 0.09732122667462968, 0.2788615141046046, 28]
[0.07590405232619668, 0.061047011390579636, 0.2204895560199972, 19]
[0.07050507027677126, 0.05392705593165254, 0.4301980696143586, 20]
[0.058906444761186894, 0.03505324465844166, 0.26980703629965325, 18]
[0.05647587649322016, 0.061360082818132586, 0.11138969059123878, 28]
[0.06379134264424569, 0.07083882139350557, 0.21971269640388075, 29]
[0.048890008504081234, 0.02567937368789476, 0.16837747411100082, 17]
[0.023312856191327627, 0.030546852129996985, 0.4229973448201506, 31]
[0.0175365931506744, 0.04001556632311009, 0.44374229803545884, 16]
[0.010770831797354113, 0.09588760057735614, 0.2798260137416737, 14]
[0.02464344635006214, 0.0779302789886215, 0.3253607394591109, 15]
[0.031025002238524536, 0.013094885989291889, 0.3320355761404221, 19]
[0.06503144604850002, 0.054228376409707006, 0.3797134384583518, 20]
[0.020445297607457592, 0.0692609843571538, 0.2502355931866176, 15]
[0.06509531580558568, 0.02521627789110728, 0.2744236077484681, 19]
[0.04375514159859567, 0.06762741579303798, 0.4800066317620668, 28]
[0.08667869434570794, 0.016651323895803396, 0.4579727050794494, 20]
[0.023646877045763206, 0.08818707526671814, 0.4703535052193043, 15]
[0.02764830787659455, 0.07324969607167754, 0.26547669338730034, 15]
[0.043765176995990106, 0.04138366668814237, 0.4714573905079832, 21]
[0.050627001383331593, 0.03693997996694259, 0.19238467864647096, 18]
[0.09483864136240407, 0.06212241036953081, 0.12344990762968706, 17]
[0.08630593773059057, 0.05480480888134623, 0.18161908704280189, 18]
[0.07101599933877183, 0.05616629220336063, 0.3494822846815737, 20]
[0.020019774520471996, 0.02896908170885478, 0.1931849950785719, 16]
[0.024129265410249998, 0.07319890382432012, 0.2045913065564994, 14]
[0.07268222670380756, 0.035752540145534153, 0.19074058142568126, 18]
[0.019545841535925947, 0.07709243363970517, 0.32892541465259956, 15]
[0.05560534103496131, 0.015177762565128077, 0.3510319943164304, 19]
[0.01946549144959077, 0.021532966483060034, 0.1349625233838085, 31]
[0.05714499879592083, 0.013596667673497678, 0.1743861248801745, 18]
[0.08799733385653581, 0.03368303646376725, 0.1525633912693948, 18]
[0.06134784626308662, 0.03414337982325109, 0.342118095050211, 19]
[0.022746724216906662, 0.038038992501483106, 0.32191691662573374, 17]
[0.06851382449245742, 0.09532982492562429, 0.2552115547136025, 16]
[0.08028135089132196, 0.04430300876374074, 0.4314550566829297, 19]
[0.04775577547138351, 0.02166947733562937, 0.14382244924555737, 17]
[0.08302632636777264, 0.05029878203624307, 0.3510982624241942, 19]
[0.06951960482049682, 0.03949252302705894, 0.17815927024503198, 18]
[0.023789434320981698, 0.023335104561774532, 0.18538475369185617, 21]
[0.09494651873076813, 0.017968962534713636, 0.37814838703659126, 19]
[0.07744080351868199, 0.0734707100362523, 0.2296110110975505, 20]
[0.05418661487713888, 0.07779203567209352, 0.4736893367599274, 27]
[0.07731149648467184, 0.019785908791081205, 0.10039391056548196, 17]
[0.0925646935556484, 0.057015540787205686, 0.11721323278889373, 17]
[0.09118553723312575, 0.06020267822074943, 0.36239388220256286, 19]
[0.07639794654855768, 0.040595926660581025, 0.2872360403493398, 19]
[0.01840096521820066, 0.09018487121032707, 0.290693798875354, 14]
[0.03547377528998891, 0.010182681962740883, 0.31223158477208446, 19]
[0.05482984917210917, 0.06570162687037044, 0.21992824274778922, 26]
[0.04300260124579988, 0.0669683230254248, 0.11233234605681966, 15]
[0.06178652670081115, 0.02262775665273243, 0.16330908897496488, 18]
[0.0893176795878996, 0.09817332429861243, 0.4458329937916983, 38]
[0.09177255447107054, 0.03321744771477228, 0.45106205773063424, 20]
[0.07928148847576963, 0.025913953098894195, 0.22428412794438166, 18]
[0.09538549964996022, 0.07692794675296921, 0.11533162920480772, 17]
[0.0232929867628203, 0.057626596202578324, 0.297467847410244, 15]
[0.055695139153053526, 0.06674955466103438, 0.37422622400411254, 28]
[0.06870936932176192, 0.09290106683781604, 0.16925836591782262, 15]
[0.038225755774264424, 0.06031003182922183, 0.2049741301519637, 15]
[0.08176618582156683, 0.06266985150761634, 0.2040120186610398, 18]
[0.018664240674714193, 0.023950606146016802, 0.3318681392436601, 32]
[0.08099617376648617, 0.02767529019982049, 0.16209229283040943, 18]
[0.08500535423206707, 0.0391091117413116, 0.2519335171399981, 19]
[0.09466062451157463, 0.04160873957690226, 0.2537761077355787, 19]
[0.038890007425832936, 0.07801796628843646, 0.4512080513366722, 17]
[0.07200674693745877, 0.05266806949570158, 0.27930263285014434, 19]
[0.04212844585750505, 0.037603209822411554, 0.2113010017260502, 20]
[0.08436006000649801, 0.06543101835465794, 0.4639661648128982, 20]
[0.03679651271888308, 0.08445493734898868, 0.4061544960807997, 16]
[0.09085411436274264, 0.02486039489437765, 0.2391455631859537, 19]
[0.06380188754448964, 0.056876157646042966, 0.1987330843580288, 19]
[0.07026317015305732, 0.09168171864674267, 0.3671709522624421, 31]
[0.014738087583801837, 0.03041756043262825, 0.2082122022193703, 15]
[0.06919715605781476, 0.08960287842129055, 0.33556433740038966, 20]
[0.023446166001048367, 0.021214730729924636, 0.227884513661201, 21]
[0.018393173159730224, 0.07382935299854013, 0.30889936531077056, 15]
[0.05140348603191927, 0.09066839293560165, 0.176051441872721, 15]
[0.08218790618776933, 0.033941325014469136, 0.3215292929056003, 19]
[0.04216940301744188, 0.029134444413688232, 0.23408001859386718, 19]
[0.05525480032591085, 0.08072238859193567, 0.2778274731267304, 16]
[0.05721366273944971, 0.013452400130131261, 0.399045105205839, 19]
[0.09554095418429247, 0.036147461192009164, 0.4473068516355271, 20]
[0.060645078990871064, 0.01857364895408356, 0.37728880826048694, 19]
[0.0571620798437294, 0.020268060652446428, 0.32822688670657396, 19]
[0.08889104761301991, 0.01565771201387474, 0.14797253141305303, 18]
[0.08410180265738283, 0.09033600914483167, 0.4553851697994773, 29]
[0.016161043003441823, 0.05547536807006916, 0.48892178982962076, 15]
[0.021749819440427476, 0.05635427068315918, 0.25772147115460725, 15]
[0.058842879344408135, 0.07079340136097154, 0.30744445383577734, 32]
[0.04780368925128499, 0.05949133674672053, 0.12860103859553013, 15]
[0.0560779855725771, 0.08107209773598482, 0.3242568366994446, 17]
[0.04804383121733013, 0.04401086470333043, 0.4404295919315241, 21]
[0.07706150357247563, 0.06644681641799702, 0.3619160493926362, 20]
[0.05874487733791711, 0.03299580336467257, 0.15568340513318227, 17]
[0.07815697163124631, 0.042934755630279445, 0.2692966578602872, 19]
[0.046178981182126405, 0.06968233659645533, 0.25926331459952273, 16]
[0.09709286590507232, 0.07466830935073171, 0.3290652648191324, 19]
[0.08985948955624902, 0.018835435318158587, 0.24096326680876273, 19]
[0.072055834794587, 0.06201778517241767, 0.11987462620785974, 18]
[0.08811160787560907, 0.08062325987474132, 0.4905047259833054, 21]
[0.0648821429077076, 0.09630190110876669, 0.2230739897352128, 16]
[0.06893125251707312, 0.09838353562925588, 0.2599618792428319, 16]
[0.09528690311665033, 0.030389267901855074, 0.337768057756453, 19]
[0.0202514139388381, 0.07730927404472723, 0.34442375811597714, 15]
[0.030178556199066404, 0.03376488798958462, 0.4909444611251529, 36]
[0.08631100542880979, 0.027004458639251168, 0.2802427532644052, 19]
[0.09375008999541377, 0.044308248033668986, 0.3661388385539386, 19]
[0.09642346348027539, 0.06048478974526321, 0.4961381856347372, 20]
[0.04845918185943742, 0.05364020516131249, 0.11829052541939294, 26]
[0.055266837450393104, 0.04294203135784197, 0.2789257136756804, 19]
[0.019981581147200722, 0.08271747993008098, 0.12739478009322114, 14]
[0.08589554413096821, 0.04043050839210867, 0.4275007334871562, 20]
[0.018993178919779485, 0.03725632899145265, 0.41322392361519666, 17]
[0.08032312700002806, 0.07235459745399796, 0.48786358810085895, 21]
[0.03096114706246028, 0.0920520616657169, 0.12041210274588253, 14]
[0.029658388365319706, 0.09271417318231544, 0.47776897288910314, 15]
[0.014341962541387247, 0.042015224882363374, 0.4638963200571038, 15]
[0.023852943076129833, 0.05406086110406885, 0.17279555516346307, 15]
[0.013203013147866946, 0.08016802078086248, 0.3742564171357369, 14]
[0.019329551761643783, 0.08140766489922255, 0.20866479999523127, 14]
[0.040082832156938884, 0.023399487845990864, 0.3618976986243402, 19]
[0.011214406423973106, 0.03485505959622519, 0.1721823722713022, 14]
[0.04241369895565215, 0.0436288076018467, 0.3564041235659442, 24]
[0.05919136607785123, 0.09678766137753717, 0.12555731731627434, 15]
[0.0573425583475733, 0.07167854665753076, 0.43426967530388005, 34]
[0.08338469061704086, 0.08095302602457835, 0.45298005854906365, 21]
[0.05332915306805139, 0.04933434738462515, 0.10963196595523535, 19]
[0.036294911109087814, 0.05816398674378673, 0.19194738750713755, 15]
[0.0905461535158862, 0.04103441227034637, 0.3740232193726033, 19]
[0.021472430967272117, 0.06225112354621871, 0.35690726378304394, 15]
[0.04814297303225751, 0.058756849021194095, 0.37542195908709475, 34]
[0.018732249954970734, 0.07647014863279977, 0.37151352547485605, 15]
[0.06678999843451897, 0.08940738878074506, 0.20342066425606442, 16]
[0.0803344636745938, 0.0625788204476989, 0.27068402807565, 19]
[0.03943866938540212, 0.041152484842214405, 0.1579222987193032, 31]
[0.023452222004310134, 0.09029940386624498, 0.3332662569349062, 15]
[0.012787060912301217, 0.03288538659108233, 0.4649601774023929, 16]
[0.09375292928536667, 0.05704363419086085, 0.13107454967876403, 17]
[0.01700792335452414, 0.08296474167323352, 0.14614904132316067, 14]
[0.09890277913017341, 0.03148472668034336, 0.1055830936984525, 17]
[0.01588046529680277, 0.03387420699798135, 0.3829610410308554, 16]
[0.03788481189934318, 0.0216823586889452, 0.23877104821656908, 19]
[0.036415588610361184, 0.048733917914924645, 0.41349313597925075, 33]
[0.06534526806792157, 0.06204759137825061, 0.1660959958776858, 20]
[0.0716217808394612, 0.014968370023911104, 0.3590296074481285, 19]
[0.028687183228188945, 0.08037927888925929, 0.34275955764094135, 15]
[0.03616098976156415, 0.018934934587317303, 0.19960296176781778, 18]
[0.0916168480006897, 0.02012770041530781, 0.14012005261098556, 18]
[0.05316843595903833, 0.0921219797896004, 0.37616712830133714, 16]
[0.04295622921503146, 0.09167873516164757, 0.4324242011332501, 16]
[0.07227879569599541, 0.05365315052306449, 0.11165554155486342, 17]
[0.05652429404753963, 0.08194815281514091, 0.4723197927173076, 19]
[0.029330140858874913, 0.03453972766722116, 0.24293584651415043, 28]
[0.06738501062376809, 0.019271482712952155, 0.2063786631735436, 18]
[0.010487199700704816, 0.04898718206844335, 0.19893249473625804, 14]
[0.03358538841154127, 0.0715143111456056, 0.3080346516970962, 15]
[0.056085561453641616, 0.06761063346597733, 0.16399736483296504, 17]
[0.051754286591737086, 0.030073184536113053, 0.22888960832139552, 18]
[0.014120542146978743, 0.06275086356413823, 0.1812959417636201, 14]
[0.09368438221703537, 0.08259905416977407, 0.3525741980274788, 20]
[0.01761644767732171, 0.06921405232816259, 0.26529887017562304, 14]
[0.07211979172013526, 0.019076103727442145, 0.20645420453343188, 18]
[0.018695056479103463, 0.02958214086394262, 0.20373373996530042, 15]
[0.08208423315113346, 0.053722962463193934, 0.4308426674109488, 19]
[0.04529376557564681, 0.07485466733231742, 0.3233822181495911, 16]
[0.061595540728421376, 0.0782079060093775, 0.326907123881221, 31]
[0.07988193401570497, 0.03737967071880066, 0.32907047082668983, 19]
[0.05697305512511811, 0.07241757457787286, 0.1485841920525592, 15]
[0.017169765793653202, 0.010220983676665105, 0.19775367342656214, 19]
[0.02589673330844717, 0.06523466696931102, 0.359683351455344, 15]
[0.023408050009443477, 0.07256998934287154, 0.49135586529925446, 15]
[0.0332486443574024, 0.0219200814733889, 0.2938936751472021, 19]
[0.07247124548703598, 0.08275865314654235, 0.11926320109457018, 17]
[0.06749962726655938, 0.04038772681114725, 0.13429247547082937, 17]
[0.032294848173273716, 0.08907136476144513, 0.47515918389846934, 15]
[0.016545571243912007, 0.015844988527264563, 0.1254279041713748, 20]
[0.03542458675233095, 0.06406753710162413, 0.1637273143169692, 15]
[0.04935897816845477, 0.07803762310529312, 0.49547655452874695, 24]
[0.09674008963659093, 0.09795237371270914, 0.1906949743970754, 32]
[0.05360549407117912, 0.039429327451457344, 0.12187163472181438, 17]
[0.02762404810305434, 0.09165053765397974, 0.30771342460056605, 15]
[0.06272087883742299, 0.05438307141653139, 0.43388894658181454, 20]
[0.021993053401886436, 0.03198453719550071, 0.2975855754343818, 18]
[0.050899569821320455, 0.017910640871444276, 0.1491855924676974, 17]
[0.04315836577964129, 0.04525501232021002, 0.14846809753622817, 35]
[0.06376736131658581, 0.03939609137019203, 0.3563295595022581, 19]
[0.08612898720433126, 0.01932308909048381, 0.10937294106493721, 17]
[0.032716200318363066, 0.015090767749572648, 0.3441630503404769, 19]
[0.023052154014954578, 0.03101893367642794, 0.26600879226918017, 25]
[0.023003670797710114, 0.07396778082036247, 0.45046413233342353, 15]
[0.05979426981990551, 0.07435292202175385, 0.42501253560681673, 34]
[0.07544183711104259, 0.057122987683205124, 0.1711276150664492, 18]
[0.034607132524507915, 0.033621488950255754, 0.3972468152143177, 22]
[0.018848758679488365, 0.07069287565131167, 0.36024809055863216, 15]
[0.03261658333180658, 0.04373447724385319, 0.33922471878241356, 30]
[0.08341640438273856, 0.072071510956598, 0.3673557349403287, 20]
[0.07012228259930547, 0.022269045527584207, 0.34719907299198527, 19]
[0.06599380035035762, 0.03984133213480812, 0.3925000642825237, 19]
[0.03742040167095654, 0.07512226333098301, 0.4663493968291096, 17]
[0.09546361505784653, 0.014746766838048028, 0.12882965357219323, 17]
[0.07189292672546538, 0.0614191450872218, 0.3827703589882038, 20]
[0.036959949537490544, 0.047933431859999015, 0.31012464070103085, 28]
[0.050601031183004935, 0.029892010754219087, 0.24763250101175133, 18]
[0.040355199875102346, 0.0634219735221586, 0.3697726871129733, 17]
[0.06726530909398673, 0.08425381070328077, 0.2366578937705, 18]
[0.07751335810845958, 0.03529315641974166, 0.32031771381290997, 19]
[0.04750593528885402, 0.08466701450048915, 0.47571185947086025, 17]
[0.023964983903959444, 0.08643672813094504, 0.30783420083196505, 15]
[0.03610760854747697, 0.09594941957870505, 0.22963264701955907, 15]
[0.03885678952320219, 0.04767565777823639, 0.2614766874651313, 27]
[0.08060166199149314, 0.07199764955737901, 0.10861397608665242, 18]
[0.08091567353127087, 0.08303558346385295, 0.4229440114172808, 34]
[0.08366674159926987, 0.07017117436644912, 0.4899023058747004, 20]
[0.05090853491854163, 0.04955535359320693, 0.39404099310297735, 22]
[0.029505419140591883, 0.04768498178787386, 0.2657131176668575, 16]
[0.02489856618551573, 0.05950939294198956, 0.4443487208444231, 16]
[0.09251862233436708, 0.06296877222777299, 0.20601910046898483, 18]
[0.06550112420974304, 0.035124890693971594, 0.15027022882108143, 17]
[0.0847513372385709, 0.07709178027504703, 0.3811768438750084, 20]
[0.0373915282597603, 0.07536719568781816, 0.4854088065235237, 17]
[0.0628055374227306, 0.04061588362420047, 0.21345407665687063, 18]
[0.09986000550068647, 0.09240213588745388, 0.15751954004889446, 19]
[0.07429185868733464, 0.03303699442024911, 0.4973237177191896, 20]
[0.08973531471304673, 0.01701211228445119, 0.49185846292492363, 20]
[0.04713169547357156, 0.022752285665208427, 0.21041793848835577, 18]
[0.09760496278780453, 0.01993121246684823, 0.46153992723611503, 20]
[0.015428504220886662, 0.05625829690309795, 0.12310186164219648, 14]
[0.09349611492607052, 0.0982943691741062, 0.2738502535046666, 37]
[0.05675696812086109, 0.0867876191935997, 0.30097796450325853, 16]
[0.050316271789461006, 0.07518598009974961, 0.21352296288845124, 16]
[0.031833654875813265, 0.03299153088396399, 0.13488980883075352, 20]
[0.06164412956997626, 0.04518726552094543, 0.12825253851968055, 17]
[0.054620332104648055, 0.026540983347032476, 0.4436738906332417, 19]
[0.09520046404139162, 0.020439234912452482, 0.38145640086297095, 19]
[0.0926357495207623, 0.07870603879251747, 0.21413212497150755, 19]
[0.05889619783227112, 0.07560556551091062, 0.1067525784159154, 15]
[0.03143229101076093, 0.012923675973339838, 0.14970703829739562, 17]
[0.07844647558237863, 0.011916722557590412, 0.4315519284994547, 20]
[0.049635912846866845, 0.09069132849808549, 0.29306705226248836, 16]
[0.08199161142807723, 0.023821067088100164, 0.3271122385021279, 19]
[0.020578151035336983, 0.0606191386078274, 0.3064716035891955, 15]
[0.06739725796199532, 0.025445092060631745, 0.20877155261852406, 18]
[0.03532779146363708, 0.09745428398145436, 0.3173523163455674, 15]
[0.033865021303338495, 0.09338307187476529, 0.3919488927661877, 15]
[0.015853095715773622, 0.0840082797578017, 0.11632132266988587, 13]
[0.016755042719092242, 0.06814171121137157, 0.36252040144525066, 15]
[0.038249725170863044, 0.0792434396986415, 0.22126185076527147, 15]
[0.043383406866994885, 0.06983958039610634, 0.2986632018138951, 16]
[0.06342575771405397, 0.010819202925894049, 0.17424392245016335, 18]
[0.033981591689938535, 0.03589127423149979, 0.4521152099819823, 35]
[0.03455720226115975, 0.044585543307731276, 0.23277545610192504, 23]
[0.029264465746945703, 0.09737603888844751, 0.29076423742595875, 15]
[0.04889180794179951, 0.07446237603542026, 0.45790141106880866, 25]
[0.011013919335043185, 0.03547229460056695, 0.10357633707534078, 14]
[0.08856412483813447, 0.06055193898210541, 0.1926988551607813, 18]
[0.04925620225809113, 0.03367040120830804, 0.4262629801442399, 20]
[0.07583291016730181, 0.057874438679161366, 0.38526996758018217, 19]
[0.03081065308374107, 0.0506877656350199, 0.47666695426480177, 26]
[0.05382703290591902, 0.03100633829253431, 0.3919212177877639, 19]
[0.07509380489047064, 0.03417837621378866, 0.4274702455967151, 19]
[0.07422512351481274, 0.02705546126289446, 0.28580631591889427, 19]
[0.08910510260275298, 0.07300210821063316, 0.2232914221945853, 19]
[0.05480003772567914, 0.09473728132082607, 0.24780092027928868, 15]
[0.019917901884709086, 0.0724739365569964, 0.45047438757723557, 15]
[0.011435596710353857, 0.05357836527384426, 0.401482751351496, 15]
[0.019486671173358505, 0.07391005195628227, 0.3251617338530385, 15]
[0.048271252958861526, 0.01891296134639816, 0.17613825227098331, 18]
[0.0947310169126267, 0.06774424346526507, 0.373844186994039, 19]
[0.019435827380308336, 0.04883408551839729, 0.3615052505908547, 15]
[0.01816413807717661, 0.021613523313803572, 0.11706335108512156, 17]
[0.047364337958110805, 0.010006841624297524, 0.41600959768040413, 19]
[0.06849994223145221, 0.04091040686024979, 0.26859044269527976, 18]
[0.04292152448748506, 0.03709649079697624, 0.44700658344480904, 21]
[0.07036817667122315, 0.06154261040460769, 0.21759595151141875, 19]
[0.030686831619340493, 0.023329575188472104, 0.355520142350077, 20]
[0.07248986457338263, 0.06249298670774673, 0.4029299522799311, 20]
[0.022205706114711204, 0.051397026864217404, 0.1635958722938168, 15]
[0.028285788188823997, 0.017397060079195028, 0.12148047666624864, 18]
[0.04637546642488248, 0.08171153995803163, 0.47851472478355694, 17]
[0.02066357274896375, 0.05688541163694066, 0.30874912244973174, 15]
[0.0634891750940844, 0.014595140219778386, 0.12005382132647623, 17]
[0.0823636115851371, 0.024595297595665283, 0.3420475103395868, 19]
[0.028444915985641063, 0.08153488502510374, 0.44530752253875727, 15]
[0.06267720265648646, 0.04972519814578774, 0.20560062006768037, 19]
[0.07785812823134268, 0.039589026240227296, 0.19448804272027642, 18]
[0.04959244844394379, 0.028409481158396713, 0.23105095337587633, 18]
[0.08070380688407269, 0.03562847979823469, 0.3890925539794763, 19]
[0.017472238142606095, 0.027763607693842604, 0.18724042250752637, 15]
[0.07643826833173666, 0.04967457958813501, 0.4324772950222203, 19]
[0.06327828080284545, 0.028714263583804515, 0.1226711857496043, 17]
[0.04015345657119913, 0.05537163180256616, 0.35236772129088223, 28]
[0.03620920792813732, 0.09432779593845296, 0.21067160786732875, 15]
[0.09075265100201385, 0.06071360355919758, 0.48901939441390285, 20]
[0.015270065390242045, 0.021234488258670123, 0.24186909840796733, 18]
[0.04285318747624526, 0.09321640605868917, 0.12524107970932913, 14]
[0.027948305478069195, 0.02219484483074899, 0.41819296955210017, 21]
[0.05584149973506322, 0.057804241773579346, 0.1321439924426732, 29]
[0.053732695810984596, 0.02680450357401084, 0.17421218983442993, 18]
[0.03772684494610273, 0.0445607156389049, 0.42895595604990655, 34]
[0.029108851231681707, 0.02130238639879748, 0.21326400395008682, 19]
[0.07672050947936983, 0.013594104885241086, 0.2701327349441358, 19]
[0.0437552263115834, 0.07064433160141273, 0.12958437748891558, 15]
[0.07018560179507573, 0.030339862308860932, 0.44371949653764553, 20]
[0.07562820414292666, 0.04045424555863847, 0.3140998682411245, 19]
[0.01457718736349177, 0.05290307746558943, 0.22465686307986188, 14]
[0.026413620929181772, 0.06233425211841373, 0.337939949410778, 15]
[0.07019425770680619, 0.041564018383273234, 0.45724229540835915, 19]
[0.07314250409951557, 0.0350446528434901, 0.17488104144712335, 18]
[0.09263929391062792, 0.05885299481122408, 0.2567657887204253, 18]
[0.08671346923394253, 0.055340973966827606, 0.18910238253955192, 18]
[0.054427980130718194, 0.08488884441041912, 0.4948107981503834, 27]
[0.02901140878686185, 0.09007093983813887, 0.1132114086519263, 14]
[0.08986614599950289, 0.06794462872681777, 0.48431267099412323, 20]
[0.08608253158212124, 0.06569777845157652, 0.20584296501323418, 18]
[0.09504705374464001, 0.0893118659855489, 0.11316196669784886, 18]
[0.06911060944912813, 0.04465377057738686, 0.13117863151663756, 17]
[0.012585954792096885, 0.06306652431122595, 0.46394310942191697, 15]
[0.015668566317104345, 0.08370464917679257, 0.14870420272367313, 13]
[0.043984853362615914, 0.03232345265461764, 0.2195915587870162, 19]
[0.011708001086532673, 0.09878632079253874, 0.13895561433604856, 13]
[0.03884724310088679, 0.029071022445200316, 0.4054569266475918, 20]
[0.03611521159904535, 0.08396681260528094, 0.11300310960896215, 14]
[0.03840813231299147, 0.05077276091613031, 0.20679290555598484, 17]
[0.07145038109050805, 0.08229797806762186, 0.1225100524858497, 16]
[0.0322531981074546, 0.04324131515054932, 0.1703852907184608, 16]
[0.0403425054352924, 0.05696327515489285, 0.4715951887099934, 32]
[0.08346327937380654, 0.05186596099255925, 0.20334634985285271, 18]
[0.07822490198230146, 0.034244575109322974, 0.4272006813232099, 20]
[0.08845590494818661, 0.04721422783205715, 0.3233855452822768, 19]
[0.09586547782982921, 0.05627607650166211, 0.1594260120277785, 18]
[0.08365816731022852, 0.08869728417388825, 0.26738492816721793, 36]
[0.04268132859320698, 0.04011898423673829, 0.42640316230218245, 21]
[0.024034137113795682, 0.07208739347636765, 0.47218499131508984, 15]
[0.09321126970845552, 0.053171966876303975, 0.49253219602862686, 20]
[0.09132945130961286, 0.09064092492721028, 0.3359800439694244, 22]
[0.053034287162179804, 0.017050323456841435, 0.29693657429732145, 19]
[0.04181438409638959, 0.03821141229308189, 0.263619698395409, 20]
[0.09398905035287365, 0.08146849342527512, 0.22135827298448515, 19]
[0.03133677720986886, 0.07727943550568389, 0.23145969670339422, 15]
[0.05843888228289054, 0.04619194676319733, 0.42982537952582855, 20]
[0.024904997423183667, 0.09852178303923288, 0.4375925010856826, 15]
[0.06308716234193383, 0.08576096788942715, 0.11966119509931304, 15]
[0.025467277214066643, 0.09686312456917955, 0.4389358056929986, 15]
[0.0974025085798359, 0.045666578407603305, 0.10659519413629602, 17]
[0.04552085567811365, 0.027838597702346923, 0.20193242632301156, 18]
[0.07309583730663417, 0.09340275772441656, 0.12511902419447726, 15]
[0.08554249426963637, 0.08391654685678868, 0.35688286591824925, 21]
[0.06789353150844755, 0.015908129732995532, 0.1028908344045568, 17]
[0.07897689990550184, 0.0472664784593159, 0.4299381082019975, 19]
[0.0382195073297605, 0.047697229722498395, 0.49630983425979003, 36]
[0.061890057590332434, 0.08321070776894203, 0.4729271017160539, 20]
[0.060276778156850196, 0.05829680551875146, 0.42433166901255037, 21]
[0.08023751729444333, 0.06690182632828447, 0.4217177661552004, 20]
[0.07956895974503086, 0.06968186165437325, 0.31579670793903525, 20]
[0.08977858176930834, 0.04840993055045893, 0.45987542896792954, 20]
[0.09100099310565148, 0.05716076981484967, 0.4549806486951816, 20]
[0.0701831414013375, 0.07593592339349287, 0.4717815070878655, 35]
[0.04710101824539415, 0.042139353562633236, 0.23136072194093207, 20]
[0.03238803184213916, 0.024676010486772086, 0.41345730225649113, 20]
[0.026371632399069832, 0.03907533395441566, 0.15305151107390588, 15]
[0.08253700459027599, 0.09865218770348581, 0.15311320019682917, 16]
[0.043869072820678694, 0.058876739532006866, 0.44567893151055804, 31]
[0.08887631520332921, 0.07754972185028507, 0.16138498524525013, 18]
[0.04146946357029642, 0.0960120184899827, 0.14139061522131668, 14]
[0.05167300330083624, 0.09487530426821726, 0.3463973410648391, 16]
[0.08279213995299685, 0.08550139684621721, 0.1713412276187905, 36]
[0.073749911587591, 0.04127101630553176, 0.3447944720776831, 19]
[0.08792701131274616, 0.07580451977612068, 0.4229511843999205, 20]
[0.04781907871882763, 0.049122747574030616, 0.34567085137779485, 24]
[0.07775883152600148, 0.09262696689478334, 0.16999048736827976, 17]
[0.01939334206644454, 0.0589738939205974, 0.43902461444581686, 15]
[0.07220380635008282, 0.017680014398736718, 0.31496402472375695, 19]
[0.011815679997596721, 0.06578440184684808, 0.2903079844809729, 14]
[0.06276873600773018, 0.0395613335509552, 0.23608989376890419, 18]
[0.06781068200309914, 0.0832498748776993, 0.28377873728085057, 31]
[0.014209088055775069, 0.060357960665359124, 0.32404214686287514, 15]
[0.038452873467427776, 0.08080950578313527, 0.23097206707206377, 15]
[0.010795977732979882, 0.08507157693303286, 0.3008131712051959, 14]
[0.07178547384412354, 0.041160261837839864, 0.11072914407129, 17]
[0.029127997634376276, 0.057701975665604054, 0.2681725461940183, 15]
[0.09350406873225751, 0.08585123750989249, 0.28170276931134275, 20]
[0.012602026954447934, 0.0836412490058883, 0.4819130283651264, 14]
[0.0824822600651557, 0.02277540216737714, 0.38556882768570677, 19]
[0.010679837209801738, 0.07881936733297314, 0.49824404174977255, 14]
[0.0879475076619638, 0.09608208120936129, 0.3960027560003714, 36]
[0.06884223451658147, 0.08056290943786101, 0.4863556992099982, 37]
[0.05710535468036941, 0.07670642305120107, 0.2672841363849644, 17]
[0.0867027765406987, 0.0254907262841169, 0.32465537761619745, 19]
[0.059930562939429735, 0.010568755728896347, 0.2965972307687802, 19]
[0.041846999398924, 0.032313922425526775, 0.4090657937514922, 20]
[0.05187602345714088, 0.05823416256021915, 0.16998732799481597, 31]
[0.09801943920130056, 0.08720340881070245, 0.12396580442760281, 18]
[0.06450564430958616, 0.023299818409404843, 0.13608992889324673, 17]
[0.04236567689501523, 0.09169540216621633, 0.11998370153205268, 14]
[0.050733324555033446, 0.06826991640431904, 0.3228820469255024, 25]
[0.09318612577598895, 0.09582091159371635, 0.36577850847212934, 22]
[0.016689778102579773, 0.012515089032893077, 0.3802665807875303, 21]
[0.03592568792997294, 0.09833489354737868, 0.39972103938475934, 15]
[0.018408632187676174, 0.050635312057374496, 0.40708912907604133, 15]
[0.09265777681745152, 0.07676000323174141, 0.19342725443701256, 18]
[0.02881482972167735, 0.017522099649702378, 0.3348427616181562, 20]
[0.0958429652102784, 0.06809719807245229, 0.25396323556273503, 18]
[0.07243115743046062, 0.015554529330624588, 0.36664463891194354, 19]
[0.02867725270923937, 0.05615980171789057, 0.12351450697636186, 14]
[0.018014084208677388, 0.055393628969376975, 0.4835644076714959, 15]
[0.011873706201307222, 0.051731055686972914, 0.3413912378833235, 15]
[0.08301164747612211, 0.04031848233316334, 0.18193441007804767, 18]
[0.08655562908346619, 0.03632870588980758, 0.18923541065709923, 18]
[0.08630992029965964, 0.01056696417823854, 0.1461893140802845, 18]
[0.011368003798011905, 0.09899713932699392, 0.3697637226699966, 14]
[0.039290037200845736, 0.09002341494707945, 0.26442375051453176, 15]
[0.0780285742817884, 0.032579045170662034, 0.3823351140914274, 19]
[0.060385273052897266, 0.015777878502576243, 0.11063679289827869, 17]
[0.03424262288000439, 0.0828722399588347, 0.1953239344161443, 15]
[0.0196566273113735, 0.029074323688537795, 0.25514068414788105, 18]
[0.0189075225950039, 0.013688444957612705, 0.365638810761993, 20]
[0.052988693420287336, 0.09646231912349598, 0.14495673853775792, 15]
[0.05451055503806868, 0.05851608422364213, 0.37584517126950234, 37]
[0.08304094447976992, 0.07375681551468624, 0.1446113701104631, 18]
[0.04642551549859048, 0.011599292977827642, 0.30068604202405713, 19]
[0.011378056688468665, 0.033718453409959735, 0.3231265681000975, 15]
[0.06566278955254116, 0.06995639149971895, 0.15650986307907797, 35]
[0.04977271096654762, 0.028689469271653542, 0.1058316451591427, 16]
[0.07355947058865532, 0.06130886937339903, 0.466003457961103, 20]
[0.033056094696228236, 0.09170127336575176, 0.25211222919764975, 15]
[0.013042283889395396, 0.01580462917584577, 0.2613233493262769, 32]
[0.06568182207230648, 0.045332836139039705, 0.17328975340749225, 18]
[0.07752539579051675, 0.04415097868326737, 0.4065867104812907, 19]
[0.016916459437072283, 0.054119172538053734, 0.10747291266728737, 14]
[0.09934592328296911, 0.02820047375316151, 0.43059655934621666, 20]
[0.03552209373153479, 0.030874464332524595, 0.32806699204718626, 20]
[0.03029736756848901, 0.08385501198328772, 0.4795831954915536, 16]
[0.08285206520570221, 0.04970213391729963, 0.24526563069620597, 18]
[0.0720827165119512, 0.04194511940400331, 0.4799768322619177, 20]
[0.04679869913928639, 0.07564418750188313, 0.368837130548317, 17]
[0.089789054876604, 0.06490227517761941, 0.27407034378069106, 18]
[0.025581184996316203, 0.010782163020536507, 0.47253725379952216, 20]
[0.04259438092499006, 0.07722877578845105, 0.16538429909856667, 15]
[0.010716353878611569, 0.062326391249662626, 0.2537492892770148, 14]
[0.04577579994600734, 0.05479783969242063, 0.37611467863086945, 32]
[0.08041718506553061, 0.08462908373343138, 0.3464887455384762, 32]
[0.02002438366714427, 0.08691067304870292, 0.14697497154866979, 14]
[0.07451934890118395, 0.05549832344665719, 0.17256843550218304, 18]
[0.05686269529743868, 0.09323509607795823, 0.48484033105535895, 18]
[0.01739288891714276, 0.07526776009804638, 0.3038911342708843, 14]
[0.09975473277535192, 0.027837688500046552, 0.18004094481909427, 18]
[0.047184472686394516, 0.024023966922457094, 0.26775499572237355, 18]
[0.017767643434346767, 0.09999530083903492, 0.12633753291927824, 13]
[0.01818201114222213, 0.09634763157079884, 0.4892980412096958, 15]
[0.08773599867287611, 0.033133217341707995, 0.4640854528411419, 20]
[0.05038616981730351, 0.03551839408791449, 0.350265984560019, 19]
[0.01435330238108812, 0.04001236064729085, 0.46866251933050207, 15]
[0.04307173492619375, 0.07860301449071617, 0.17617401896584994, 15]
[0.06760576431052336, 0.013735847529777467, 0.31842808239011244, 19]
[0.015340814406795484, 0.04464470082434975, 0.2722484097504383, 15]
[0.09035324917647611, 0.032780066576396004, 0.43392315775329826, 20]
[0.04937541697680857, 0.07212544176572228, 0.12044849619504486, 15]
[0.07460506787322248, 0.0143069619300576, 0.47778879103751093, 20]
[0.08471160468945302, 0.034427207002468575, 0.4115980682419066, 20]
[0.0918612711974907, 0.07247191364129026, 0.2683602571792974, 19]
[0.020937460662300036, 0.046081334790160064, 0.4993773780412446, 17]
[0.06019954247883692, 0.046370010122919456, 0.43534031388731476, 20]
[0.08469761409333185, 0.028778580627963436, 0.18463069550452282, 18]
[0.09596669785392928, 0.09410393082456257, 0.137794976751762, 20]
[0.013208427907169761, 0.07302971678216165, 0.28157297406763476, 14]
[0.08263815797439766, 0.022301476111466514, 0.38192121217429364, 19]
[0.037206963955029586, 0.04661323396239811, 0.46214990273226475, 31]
[0.07329807850283487, 0.037708329330363666, 0.4206714078313053, 19]
[0.06782147588416321, 0.012574567445283048, 0.3365820660199742, 19]
[0.037430347853843686, 0.09577296726002056, 0.4858834777154809, 16]
[0.03768503669666643, 0.08230893322533993, 0.2794433276372412, 15]
[0.08885020813202335, 0.03499273124438559, 0.30254393960151205, 19]
[0.05068813597031669, 0.08990071116786057, 0.38340109328064664, 16]
[0.025198801332968628, 0.03509872605871472, 0.4592447268538348, 33]
[0.05604716871387744, 0.05104917967758865, 0.19917388210363854, 20]
[0.05225857930510568, 0.08450371269490181, 0.2553565941179866, 16]
[0.0601800791024236, 0.08689885367748074, 0.3096602060121256, 17]
[0.06819159500411953, 0.03548278550781029, 0.12565618909490853, 17]
[0.06703844903498145, 0.0922628757460314, 0.46551912834594844, 32]
[0.07389680267212584, 0.09319275632371597, 0.12999222478774125, 15]
[0.08909329977947032, 0.03449863563720403, 0.40603601917139154, 20]
[0.04742417407803041, 0.09211461977949267, 0.23450731279941148, 15]
[0.07874922078724071, 0.050515262770196794, 0.13716761582350245, 17]
[0.020547919646386734, 0.09805961128919287, 0.40019082667979866, 15]
[0.0865495468662509, 0.01410296644063964, 0.3735500778549872, 19]
[0.021589943108080017, 0.02029733880398192, 0.45655973600963295, 22]
[0.041754325878120536, 0.02066155428619587, 0.12107644460279726, 17]
[0.035908957333399265, 0.06895868128727031, 0.46293918009137025, 17]
[0.026607302181834977, 0.07260776505717471, 0.18100036231762262, 14]
[0.0509359169202646, 0.08627224073113987, 0.3123886220894179, 16]
[0.030036567936817853, 0.05137431314301885, 0.2934044319103524, 16]
[0.01845765400420422, 0.022827948651438827, 0.36345612492064416, 34]
[0.08365635031408948, 0.02223651605778583, 0.2437714977118639, 19]
[0.06072467522834761, 0.014169921822644482, 0.25072122407348696, 19]
[0.02150131176936522, 0.020537447870670057, 0.22452593965294776, 21]
[0.020611099033000055, 0.07840743837971362, 0.34524268206351333, 15]
[0.030161563898343416, 0.06613756222787957, 0.19705541611126576, 15]
[0.05683544377812253, 0.0513025616690007, 0.3780356862779237, 21]
[0.023570854438512975, 0.08755853372786711, 0.3186270194663959, 15]
[0.07377278453074498, 0.057546500401511255, 0.43776959864241693, 20]
[0.08185766210123978, 0.07210224544327556, 0.3836376441583874, 20]
[0.0731730867498259, 0.04192764464956024, 0.294949310428431, 19]
[0.0129130547660055, 0.058816869676234625, 0.4211678438144225, 15]
[0.02247463580749067, 0.09895452851940653, 0.28570666061934913, 14]
[0.05239362161240361, 0.02027857878000453, 0.18867368345634034, 18]
[0.01580515099419181, 0.0220044489528891, 0.14372648648627473, 15]
[0.03627954762925786, 0.024518511210218984, 0.35415492186316255, 20]
[0.04290939867102945, 0.05503266053139787, 0.2842752127013969, 29]
[0.031454488726258785, 0.07916365458813097, 0.3247620811650294, 15]
[0.09317297034500911, 0.022053965088139713, 0.14154202293061005, 18]
[0.07392422118149622, 0.035762701670026695, 0.20657791309773016, 18]
[0.0766840941068849, 0.019131684304510017, 0.25166183467891134, 19]
[0.04048016375155268, 0.017334767712153035, 0.22245833190825062, 18]
[0.03756777703549063, 0.018753574197439164, 0.3488109018378376, 19]
[0.022912446673277083, 0.05463089025422235, 0.48181834781152066, 16]
[0.08091959890415336, 0.08541091711815464, 0.11105067997613549, 19]
[0.08573017846528479, 0.06537616850567296, 0.12991532265330036, 17]
[0.0957575431891934, 0.013068597343941587, 0.178249635762169, 18]
[0.07940656886083043, 0.09161054087393997, 0.13100534959650745, 17]
[0.0775684106950157, 0.034888024791307384, 0.3792275198896792, 19]
[0.014034075078943052, 0.02621669696171937, 0.3564765617949063, 17]
[0.028527449634600487, 0.0672664685957175, 0.188835144276702, 15]
[0.08258328344856146, 0.08460805846782467, 0.21263603051808178, 36]
[0.03623569334878694, 0.03910232970067855, 0.2931996073312768, 20]
[0.06945909495800293, 0.08842955752822157, 0.1788352885343145, 16]
[0.07333576364239067, 0.08208191759258297, 0.17263641979391414, 29]
[0.01947344222134972, 0.08793313568437938, 0.17520886917507683, 14]
[0.033627038542195745, 0.04355911005820421, 0.12103816348136727, 15]
[0.011232763881706517, 0.06430984411096516, 0.24160041007417493, 14]
[0.0291414105995478, 0.045533674984151666, 0.35334147137905336, 18]
[0.016839466387308044, 0.021967646197572466, 0.14635065933573418, 17]
[0.09540471799952557, 0.08942794372056719, 0.21461501045873807, 20]
[0.014824137191477418, 0.054198358478374675, 0.3499067169887622, 15]
[0.06624467895739257, 0.03342371324969823, 0.3148179281066504, 19]
[0.0848397333279117, 0.05014644195373469, 0.44976836147670285, 20]
[0.028400401184170615, 0.02728939412365567, 0.10109875809945011, 20]
[0.0897239697952484, 0.0394309074090449, 0.22258996529108033, 18]
[0.08746636069592702, 0.07896056183221853, 0.18965851868658903, 19]
[0.05011385583119916, 0.016120832660257628, 0.450680593265797, 19]
[0.05054036559351638, 0.06358661973620365, 0.3235737067977629, 32]
[0.04970343979984437, 0.0759541187848827, 0.26530498052374846, 16]
[0.047312557116097706, 0.06109476570154604, 0.4659782403824322, 35]
[0.054142113909419476, 0.029116422865246135, 0.35610884984632774, 19]
[0.02559523201916687, 0.05989795240516156, 0.46231213887131395, 16]
[0.05825005012502613, 0.03466968588748755, 0.11641398098384448, 17]
[0.060071178610031084, 0.02903873330614732, 0.42854903237804354, 19]
[0.06001597115500299, 0.031291517012230166, 0.20496593154450685, 18]
[0.08298438873137384, 0.08026688883771121, 0.28885617034320654, 21]
[0.09726185788263969, 0.029443908485858254, 0.35179862399947515, 19]
[0.04836327854849821, 0.02524845574486618, 0.2883404761304627, 18]
[0.04595146468992511, 0.01647674548173645, 0.4198732911931691, 19]
[0.015229970903365779, 0.09066043515694405, 0.2162579355258445, 14]
[0.08919449730420918, 0.035873864104518434, 0.3362375546207018, 19]
[0.039191236003373084, 0.07755305743873071, 0.47511095050827434, 17]
[0.04800635006030459, 0.056707527800911255, 0.21733344066926003, 28]
[0.054284014743250855, 0.0982677371875401, 0.15944103726523268, 15]
[0.04581720875647156, 0.06912725445520748, 0.2726258983701387, 16]
[0.028007770202609264, 0.07189648026132892, 0.47342483348626907, 16]
[0.03784624710355647, 0.010356727307704837, 0.2395884277915973, 18]
[0.04422215054729818, 0.053935978584244544, 0.17130153472986415, 17]
[0.06908304484896391, 0.08063452951732916, 0.38491684452591457, 36]
[0.06058259552924726, 0.07665131683458196, 0.36172394427501764, 30]
[0.07256466625260319, 0.04172174412021767, 0.11510635056911594, 17]
[0.03900567555294716, 0.09924133551068395, 0.4616213684090017, 16]
[0.013182919447621712, 0.029616700079805304, 0.31105135983265964, 15]
[0.05551277639644322, 0.04166566958717604, 0.29827759068695725, 19]
[0.03867310256546835, 0.03820888835754489, 0.18699153795161447, 21]
[0.060313739704053064, 0.04243120576313682, 0.13805443357987202, 17]
[0.07303934096720513, 0.08597679785653911, 0.3706057343750502, 36]
[0.05379494171652812, 0.027818066533723644, 0.3113385676734304, 19]
[0.07594873520359319, 0.052675757450302396, 0.18519508162443443, 18]
[0.0634056870553061, 0.0711970380122114, 0.25006498359165596, 33]
[0.015114046540628482, 0.012046726959481276, 0.16266144543174044, 20]
[0.07684231527848465, 0.04477348198152462, 0.46745907073820003, 20]
[0.0846936578579111, 0.07536525113363207, 0.40463068244972755, 20]
[0.026961936073015384, 0.0157458183654812, 0.12461501565634676, 18]
[0.035564255594427566, 0.07420063056132624, 0.28966589800643194, 15]
[0.05632253625766486, 0.06455897476933688, 0.38343622001267497, 30]
[0.0997281701839887, 0.06550471743530936, 0.4722615461097023, 20]
[0.03299660049827513, 0.027029478599070976, 0.17652170171043235, 19]
[0.056970181038610034, 0.05951041034659094, 0.38018572689162655, 36]
[0.09765596806065856, 0.03329473699613561, 0.3709157417536223, 19]
[0.05201631071893874, 0.07760253864510365, 0.19124010259687552, 15]
[0.021436319695639083, 0.07664632252263998, 0.45680128414723187, 15]
[0.04733021775595776, 0.044216951123958195, 0.22816963487781572, 20]
[0.031382677718236524, 0.04232538116371116, 0.11045358604319455, 15]
[0.07647866996124475, 0.047497411124255914, 0.22829461311399615, 18]
[0.06231412544662491, 0.07738369321982502, 0.16025206825745442, 16]
[0.039065154119740264, 0.013558282665200445, 0.14195601693662052, 17]
[0.019701409291812196, 0.01177198973138488, 0.10990071949151088, 18]
[0.07170577241395142, 0.03332255630772994, 0.18213996517853226, 18]
[0.03499264068452634, 0.07519317489190261, 0.10630948802010187, 14]
[0.06524103810729036, 0.08091025101915272, 0.3692062314761432, 33]
[0.01412560987584684, 0.05867250403829458, 0.2936056711316284, 14]
[0.013543950318600853, 0.0581341185199242, 0.434492346094419, 15]
[0.08772065882121391, 0.07577298862891492, 0.3859532794455548, 20]
[0.09195030136935864, 0.05815807997084817, 0.3861243922339933, 19]
[0.07566447081855446, 0.0799631389723213, 0.37819383231887616, 33]
[0.08118812137337253, 0.06177097247915347, 0.1454946704670289, 17]
[0.02781614229586068, 0.05960418234308008, 0.318645186064067, 15]
[0.0175610433829081, 0.045209250000612225, 0.3580091946412296, 15]
[0.01742927301857374, 0.07636430469536966, 0.3849187671387049, 15]
[0.024089172816887865, 0.04751828601070529, 0.12672275729651838, 14]
[0.02081298217470315, 0.06661444142733203, 0.2278122019128095, 14]
[0.023929719371087815, 0.03696572336110776, 0.41346988990972955, 27]
[0.09430814338287807, 0.012184361486353362, 0.13010722468819305, 17]
[0.0350327884694748, 0.09412713640481934, 0.22551653440806999, 15]
[0.0660962696517198, 0.09189977580223097, 0.266563553824555, 16]
[0.05225041100401089, 0.045419563200028004, 0.4424668111442094, 21]
[0.02909820444983783, 0.046295118891839036, 0.16178332356316663, 15]
[0.01136355294135438, 0.08388039108150722, 0.42500903295048664, 14]
[0.07740192719227343, 0.05873504376585024, 0.45475020776679254, 20]
[0.08679361222202082, 0.07308492617074239, 0.3497892764739394, 20]
[0.06016208070442061, 0.06946514477624931, 0.27616197014721955, 34]
[0.07018276298610529, 0.019558256817142898, 0.48863294356877673, 20]
[0.0983030562794904, 0.09676001334542354, 0.3346784933478165, 21]
[0.05653578645744318, 0.04045524287601647, 0.1522476594431403, 18]
[0.045464283920501586, 0.039921770467956905, 0.2686114899096276, 20]
[0.04108845486400451, 0.03555942906779874, 0.4031065029884675, 21]
[0.06866416251091698, 0.07574676619831745, 0.177346944993483, 33]
[0.022545530229977438, 0.07876800517896815, 0.11323804130286007, 14]
[0.07168538779051312, 0.011328244889263095, 0.2322819971631221, 18]
[0.06469944021205211, 0.07021072889491871, 0.17840120215780308, 33]
[0.01658703707273597, 0.04673252633585446, 0.4810361188896677, 16]
[0.022188464275309537, 0.056575411054746644, 0.4338087673287472, 15]
[0.030060444494384796, 0.05420420286435979, 0.363071766939581, 17]
[0.0898441911878138, 0.07313877507251004, 0.27664293467779794, 19]
[0.05459071352631735, 0.08893566203812085, 0.35606166040463993, 17]
[0.08029728407015894, 0.018306396777698346, 0.14480827310516903, 18]
[0.013316725676450342, 0.03405710879875604, 0.2360019139522659, 15]
[0.011126565672344749, 0.08519437950251324, 0.16275850095476355, 13]
[0.013054694808090796, 0.07896328924787892, 0.34232454706130055, 14]
[0.037314935502545034, 0.03681448241901226, 0.49388911814161607, 22]
[0.047646919096402354, 0.09535357616392202, 0.18778450142991307, 15]
[0.09225414488069734, 0.0289823055245678, 0.3224872375459228, 19]
[0.08216088779067023, 0.013013491541312138, 0.38330295774978773, 19]
[0.08114369314247705, 0.03873442403109805, 0.24749610921964946, 18]
[0.070999819853314, 0.09925744048490676, 0.38344020500441145, 27]
[0.04679550617039473, 0.08084746866988315, 0.149939297212769, 15]
[0.04062017499908194, 0.013304006784996967, 0.4135450517535686, 19]
[0.04093991035929808, 0.0413460128310817, 0.13309742914258027, 26]
[0.08961418952685538, 0.011629888487447835, 0.3045015167841294, 19]
[0.062313754685104875, 0.051323125649970554, 0.3847591947517641, 20]
[0.06322289676609216, 0.08950067430488375, 0.2856846224102859, 16]
[0.010115457302996664, 0.027207738196321836, 0.27987198495756793, 15]
[0.08491965035643155, 0.0949982746783314, 0.32980668614974973, 33]
[0.034727250083573344, 0.018130780088522563, 0.26706848680386563, 19]
[0.09595180634241121, 0.01868591673561564, 0.23427838332041737, 19]
[0.08522863748896553, 0.08948399402409929, 0.3203249546786563, 23]
[0.048400506533217445, 0.041010021073628874, 0.1796680036415424, 19]
[0.09288051829041323, 0.0528763924713598, 0.25230859842197284, 18]
[0.079367356733633, 0.050160251526166745, 0.22050031769139167, 18]
[0.09625760908457749, 0.06041867640280287, 0.2963642352642325, 19]
[0.040426067899385465, 0.013807584318539606, 0.4169738168421767, 19]
[0.011723211098868792, 0.05989510779073596, 0.45144492555057936, 15]
[0.03628380181772424, 0.0422173416387847, 0.40570598958162063, 21]
[0.0712691927356314, 0.05253520280131558, 0.3855091983251965, 19]
[0.08928631624660978, 0.056119157841487806, 0.3749940790307572, 19]
[0.09941446107591165, 0.027056622887841206, 0.1610113898730476, 18]
[0.09524541536177657, 0.08089264088120002, 0.3037879911146363, 19]
[0.0376757186659568, 0.05670917572258548, 0.2759035411542522, 17]
[0.05128149547073989, 0.057613090384910595, 0.4142805931265442, 36]
[0.021213359286528448, 0.021114096491247323, 0.1834729009323225, 22]
[0.0337283607042362, 0.04633758179836391, 0.4105444815782785, 30]
[0.07120554322383954, 0.09874939217053598, 0.33649796001055765, 18]
[0.01519462048569422, 0.023570436545600114, 0.18043674635427065, 15]
[0.05173825538452052, 0.024133360441744627, 0.4806010425442617, 20]
[0.05286064887705545, 0.05174109402512504, 0.21614289588193802, 21]
[0.06301753033357382, 0.053573649138449024, 0.3217777896604298, 20]
[0.011122984792983907, 0.0432968788820501, 0.3325670391249511, 15]
[0.06518922097063962, 0.07379761167752119, 0.17322220383300838, 30]
[0.026722322347096643, 0.08287953693657582, 0.1581128686250508, 14]
[0.06756406826202205, 0.028067493292199423, 0.4799270899521313, 20]
[0.04424076797363322, 0.024640896371942528, 0.3692510109857877, 19]
[0.03400727382404551, 0.05331243485184962, 0.4036799907442197, 18]
[0.09034839317622535, 0.08278281380310963, 0.44652994325612727, 21]
[0.08888825352862562, 0.07693376084328606, 0.3214710757036121, 20]
[0.04381615187988304, 0.03221482911549272, 0.19845859037193103, 19]
[0.07796261375713825, 0.022878315777100762, 0.428528881778068, 20]
[0.023739736141118982, 0.03721209487367691, 0.1248145658858248, 15]
[0.09255140808006, 0.07656231622244296, 0.10188583814238875, 17]
[0.02447761531539238, 0.07503376359685432, 0.4698273261299749, 15]
[0.0759215674690631, 0.08477772067844819, 0.21404641672324295, 33]
[0.07295748066647086, 0.085293624892416, 0.3326101770311366, 31]
[0.09688914242090722, 0.04569690290523671, 0.3174566052956861, 19]
[0.047621444720041296, 0.014351879354230969, 0.3410972589423036, 19]
[0.049339683906994176, 0.09008223652803361, 0.12393866249736095, 15]
[0.015375290814831449, 0.06369708019437134, 0.2879137829549681, 14]
[0.07810134596956785, 0.03767005861538018, 0.45756755804965044, 20]
[0.06450346427644883, 0.07136677046439256, 0.48560519727288487, 38]
[0.02577979854248868, 0.09900208019539208, 0.42881426941214207, 15]
[0.039100133939954825, 0.030722239925580895, 0.41751154790889144, 20]
[0.058580689819357594, 0.08892279862203485, 0.4490181948409818, 19]
[0.07375711668375586, 0.05219301997085104, 0.39846609633737307, 19]
[0.09563267917383729, 0.05017734405465525, 0.18862055772986422, 18]
[0.08070913662879288, 0.03318260682301614, 0.20620110728516658, 18]
[0.08542121044891128, 0.0991184522115935, 0.3312691768544189, 34]
[0.08684565941449396, 0.04925704393968533, 0.21857749939754614, 18]
[0.038504623330297374, 0.05555916699936163, 0.251861597091369, 17]
[0.03384268910533653, 0.013043224769391671, 0.18467064146839762, 18]
[0.06960648149444683, 0.047695330618206015, 0.15200824049004394, 17]
[0.09969490148643893, 0.03516409041958164, 0.17892902216926687, 18]
[0.017324089775112305, 0.04455625515079785, 0.2412110711691181, 15]
[0.05574652892031586, 0.036284307377487536, 0.3154136789610174, 19]
[0.05239826174974279, 0.05921731384814075, 0.4308340102591127, 37]
[0.026621251834004545, 0.09791955123261402, 0.41689978790005555, 15]
[0.029674320970757957, 0.03058910727065505, 0.31790772725472616, 31]
[0.012353114616018644, 0.06578590621155836, 0.26193381600083687, 14]
[0.025242618068260107, 0.07879421299516676, 0.15873942955468517, 14]
[0.09022213348437566, 0.03007350417233167, 0.4542355214475111, 20]
[0.0962964583814722, 0.029455055630901436, 0.14273217826076903, 18]
[0.014155059455786868, 0.07334205251939652, 0.3162347854162978, 14]
[0.014031024812153532, 0.06776780639060379, 0.4846374140879497, 15]
[0.06341494396722296, 0.05647151769089703, 0.47744262471673415, 21]
[0.0554482721743539, 0.06453348445430167, 0.2829948756670153, 34]
[0.09823068752422401, 0.08778034725517203, 0.20339392964606795, 19]
[0.02612859825268138, 0.0726980412062715, 0.45533539845482873, 15]
[0.08270464402915001, 0.09595314583197412, 0.21049970688491523, 30]
[0.033540881090494516, 0.026615084570840657, 0.4463379065503813, 21]
[0.05483268934016421, 0.03325871697146619, 0.1515406784528123, 17]
[0.08769009534043222, 0.09653181057116567, 0.4136187099989095, 35]
[0.029117551289972086, 0.07438062568881619, 0.26630121246791894, 15]
[0.01376640421158997, 0.06140990983283738, 0.3096310149990107, 14]
[0.056096106129081606, 0.0493864322458636, 0.39402689069903796, 20]
[0.028026961406795232, 0.0347817973851, 0.4702894730364783, 35]
[0.014088506325291177, 0.06608577245850157, 0.4791251938674098, 15]
[0.04891419305377582, 0.031919716132972634, 0.43220676761054944, 20]
[0.07634640932226142, 0.07434256820712207, 0.3456354953123507, 21]
[0.09972390487336581, 0.053055882789099874, 0.27386976514689276, 19]
[0.03854713972319824, 0.03297163967502888, 0.4151558046075706, 21]
[0.05976999333436228, 0.03122490076519093, 0.17142983361308278, 18]
[0.013788598044654205, 0.05274340998622576, 0.15227592234622117, 14]
[0.0512408536423847, 0.09731970308375544, 0.3527236973499329, 16]
[0.09950782675071253, 0.04647227072761573, 0.3331933549003452, 19]
[0.09493626973784935, 0.08670502256501914, 0.39326141847989093, 20]
[0.08272959628411684, 0.08636160620685161, 0.4187347846604551, 36]
[0.06516492872869097, 0.028300602368861748, 0.3412073661869546, 19]
[0.01241948295291653, 0.029235261908330666, 0.20426849466043723, 15]
[0.08816089596443154, 0.024718161512332616, 0.18284690159396486, 18]
[0.09025376649771356, 0.04630886909729746, 0.3164375598014751, 19]
[0.06902942473871129, 0.061613131133006586, 0.42022630641296943, 20]
[0.07223810518166596, 0.07407329988164586, 0.4297650551563893, 34]
[0.040929799514781665, 0.03269091486357614, 0.3915414529085288, 20]
[0.04756731007063825, 0.05835850617966284, 0.43133818842554594, 33]
[0.06698906676377657, 0.06819705482519657, 0.4406140709760332, 31]
[0.04045669250008023, 0.020637676431145398, 0.46398877169161523, 20]
[0.07031300499935125, 0.09304387973326808, 0.17001357180987808, 15]
[0.03231278042746786, 0.017681089960655257, 0.2029290501714916, 18]
[0.014328824390201401, 0.04586905970079194, 0.39617824517227096, 15]
[0.09444742739615587, 0.06781037282453946, 0.21123396943778872, 18]
[0.050615030270348374, 0.03751753611997009, 0.466661955785006, 20]
[0.09786300245754194, 0.07616231879398828, 0.29254396354565665, 19]
[0.0994371637952832, 0.010450352409052451, 0.3338391099690674, 19]
[0.03927256140888292, 0.07442972514548717, 0.17068449671999214, 15]
[0.030333066378034783, 0.09106126767567409, 0.16622759505133314, 14]
[0.04438695614782705, 0.013711333548133066, 0.47554108106992554, 20]
[0.05657899792158811, 0.08316031590693104, 0.11460767122403492, 15]
[0.03191278091250692, 0.08857649648129487, 0.35816969639170104, 15]
[0.04356044090810862, 0.09044967103737198, 0.4815775238473722, 17]
[0.025825952901684178, 0.01217196945036432, 0.29931001946386493, 19]
[0.05604639097377241, 0.04973412151630877, 0.14019587244995108, 19]
[0.02413076816033992, 0.04697272816212106, 0.49402893478193466, 18]
[0.04361611974157504, 0.060874978402354056, 0.4644112554936246, 33]
[0.07700598402771279, 0.0725873016250368, 0.26585039497543805, 20]
[0.09885878897830447, 0.07914739543701275, 0.4636983677857385, 20]
[0.07963397061715667, 0.0459175300999245, 0.33928869915193577, 19]
[0.06767538005565435, 0.09808747934061836, 0.21680026473603858, 16]
[0.02192280105939026, 0.06629307332452172, 0.3297960121788255, 15]
[0.05565272345087172, 0.09830221930799149, 0.10830316083634367, 14]
[0.0217326425297718, 0.05020906021265859, 0.33601817605660744, 15]
[0.025460088144872037, 0.03755265201354651, 0.10343281767469206, 15]
[0.022133841821964328, 0.04178332612214195, 0.2558999916409791, 15]
[0.052753139254241556, 0.06738327964739942, 0.16993957805713666, 16]
[0.06771845838070514, 0.023353973347072822, 0.46034354441499603, 20]
[0.03432784876890634, 0.019105982641938107, 0.3222514072867009, 19]
[0.036444542089404716, 0.07960396083658045, 0.1945965931961444, 15]
[0.09376820557487647, 0.03956640897861941, 0.48606880714383316, 20]
[0.05815492664477575, 0.01213452596768214, 0.46228101896769225, 20]
[0.07464617867791684, 0.021286763239551226, 0.2155673730560782, 18]
[0.018065824419862535, 0.09583286427607181, 0.22076863287488502, 14]
[0.02185587037803961, 0.07468600787984189, 0.2279365438545436, 14]
[0.0482688809573393, 0.0868545091016539, 0.1334373448444601, 15]
[0.017569061679614213, 0.08664183003955676, 0.16902747553581393, 14]
[0.048186010561028815, 0.06687977513749506, 0.2670007071441383, 17]
[0.06745023288718643, 0.05226187770474637, 0.3009799822658341, 19]
[0.01980921810684526, 0.030099124340309362, 0.4402850787543925, 29]
[0.06243757168624546, 0.06296234899734666, 0.4952446328341257, 23]
[0.014728676445374834, 0.07947063157240761, 0.20285966565089308, 14]
[0.010126788197785386, 0.07771663653479884, 0.1402284708401032, 13]
[0.019854988735006008, 0.013799351312804527, 0.33987703396912017, 20]
[0.08736045454548476, 0.024811254582118684, 0.2933903836620566, 19]
[0.048570351321819874, 0.08271799757922921, 0.3998384722870213, 17]
[0.06972381904579113, 0.04695459808087607, 0.3332873674198862, 19]
[0.05136497787846782, 0.04482671607455421, 0.20020308505732232, 19]
[0.08201935277479613, 0.09987324407194524, 0.4882272567932644, 37]
[0.08633462765659655, 0.09732308235909784, 0.4946936530110043, 28]
[0.09500944538118737, 0.08605296950893117, 0.21611174821549622, 19]
[0.06285573372058956, 0.05729571648539394, 0.1741751833949346, 19]
[0.05080959101371838, 0.06732800141157143, 0.1843212859237288, 16]
[0.028978948439576366, 0.07313693574958054, 0.38295639478964705, 15]
[0.07670646292358245, 0.06313799598660964, 0.20178689576522998, 19]
[0.047980633697776456, 0.05287414957532137, 0.37939802369876563, 20]
[0.048988137558406086, 0.037659513416553436, 0.31776738100895463, 20]
[0.07880650506668882, 0.022362427542614024, 0.12753373672315368, 17]
[0.011557463631172382, 0.025413432494560143, 0.4345813545599141, 17]
[0.07011630426702711, 0.08195458345646954, 0.11699326745091301, 16]
[0.028127762157570346, 0.06560887532765383, 0.4248696148329424, 16]
[0.018414694653213028, 0.06541562494117846, 0.4730800972284188, 15]
[0.06466508183092728, 0.07915096995487962, 0.4087399091848062, 29]
[0.020475976589942962, 0.027385902502780723, 0.35381483155810456, 25]
[0.03538910141280615, 0.07622381741225223, 0.3771630577720848, 16]
[0.0513331067870528, 0.01639692446868357, 0.19251424663290534, 18]
[0.021620341509186878, 0.08675068931558526, 0.21612899883170297, 14]
[0.018058082436230135, 0.017078670554884184, 0.4273395798708407, 22]
[0.07312479871175295, 0.05294656696430901, 0.3625377085641277, 19]
[0.08644637688840251, 0.0783121847918107, 0.4869795740992372, 21]
[0.038067249651496646, 0.06810228272932399, 0.1498580171290815, 15]
[0.09173806540510411, 0.08786014442813764, 0.1946659403236473, 20]
[0.0807307363260447, 0.08486153920577547, 0.3914863592091202, 37]
[0.027375684236087217, 0.05454981150492123, 0.3162430858877746, 15]
[0.07755439446005652, 0.09158279001863084, 0.4393057460946509, 35]
[0.0408219186821624, 0.03409661226908921, 0.31515642047896, 20]
[0.07135294427600046, 0.09192960989571276, 0.32644972905177894, 19]
[0.09690562920978311, 0.036624519352660596, 0.11448059023831343, 17]
[0.0423569937297749, 0.03655201495709865, 0.4597477805562965, 21]
[0.06818279311179268, 0.04224763670794965, 0.14916592941224707, 17]
[0.048633453563208195, 0.06669707992242144, 0.42470535934753684, 31]
[0.07691196028008616, 0.066764708621595, 0.4714821434233174, 20]
[0.055342974352159666, 0.09761536863724044, 0.40129400161519124, 16]
[0.06729535549164636, 0.022816522510389743, 0.3285469110599282, 19]
[0.06279894333032361, 0.07328039365205075, 0.11407054954759165, 16]
[0.059846604361486644, 0.02025421271351848, 0.49349350869779085, 20]
[0.07203556419042667, 0.09663792975989076, 0.4250843998764524, 32]
[0.08765131124093309, 0.05816952730255113, 0.11357647206813218, 17]
[0.05322283121542402, 0.05050219700765149, 0.4753433691699539, 21]
[0.08869252346064378, 0.04116229636691024, 0.35466978198955035, 19]
[0.030585487368340512, 0.07757357280911484, 0.48273470691350306, 16]
[0.0751274477449022, 0.08937521478281678, 0.3606062498920215, 21]
[0.07540928171380956, 0.05008708698777838, 0.3701967558966299, 19]
[0.034200598727977746, 0.01758498475983987, 0.4852720712004621, 20]
[0.07908444585203805, 0.014842885855699393, 0.20218045710946453, 18]
[0.09314640585853955, 0.05501303873003481, 0.23580854312804364, 18]
[0.04909988962169614, 0.013188547918938753, 0.17115572708174798, 18]
[0.08446317703214618, 0.02087684309843145, 0.4458050739249836, 20]
[0.08207232711603732, 0.08441638925688236, 0.1670500477901601, 34]
[0.07618239049109676, 0.06935855209670075, 0.3978766822862583, 20]
[0.08842572500798986, 0.09671284302484867, 0.2208545688327846, 36]
[0.053016145198063754, 0.05595556851275237, 0.23597472874745862, 35]
[0.08302929904716942, 0.0322358241145202, 0.1430689268693419, 17]
[0.09063683241403991, 0.08060275511104967, 0.17638920069805497, 19]
[0.03361555841819894, 0.025897909261695634, 0.20486479339474242, 19]
[0.014725132338221932, 0.032680212761780944, 0.18978928385389673, 15]
[0.0840772853522993, 0.021603625430997836, 0.1264172072485098, 17]
[0.06218061704048608, 0.014539224951829684, 0.10962741114620736, 17]
[0.037015448917366266, 0.0782960090936056, 0.22902497534499064, 15]
[0.09356705005486027, 0.058349088817268704, 0.3981073902998348, 19]
[0.010541762951072627, 0.0541936364997527, 0.33112300518331916, 14]
[0.04043508696977132, 0.09300392750061101, 0.1915558128291365, 15]
[0.0253752361909199, 0.07380269725392212, 0.3357203462713343, 15]
[0.0914322749670991, 0.049492319914121785, 0.49849887770058543, 20]
[0.011757095776655166, 0.04441161149237951, 0.13260919343545635, 14]
[0.05152809704982863, 0.061466299066989694, 0.2388830168948558, 31]
[0.08460246068927202, 0.037314210560545395, 0.44992746912769954, 20]
[0.05125643943901166, 0.011253516107744247, 0.4831404071551929, 20]
[0.07199163566346312, 0.010576331416554447, 0.23039339564262049, 18]
[0.02030816304854756, 0.018919805468854793, 0.36702096898684655, 22]
[0.056692821902865176, 0.026554275513441618, 0.434568736768044, 19]
[0.08152867595155373, 0.0942152448196934, 0.41498467129437633, 30]
[0.016598610075269922, 0.08585226088662992, 0.3094459317916125, 14]
[0.017291708964092996, 0.08043458685418928, 0.33132078482266847, 14]
[0.019148838954355745, 0.08946198755714783, 0.31327404327309893, 14]
[0.035107672352022515, 0.041865857579508885, 0.1717967078151598, 18]
[0.08386401933177803, 0.022312043675493286, 0.4420733765302366, 20]
[0.06778804899637288, 0.07943198230936396, 0.2260369805112767, 31]
[0.0993984806168269, 0.0914996703255314, 0.31755883427272846, 20]
[0.09339218331732546, 0.04920718311087059, 0.2769680201090614, 19]
[0.03546416644725892, 0.041669710395403806, 0.24328629836037258, 27]
[0.07944878052161998, 0.06001670791611265, 0.15794192285595804, 17]
[0.09653257269121215, 0.02234460735342344, 0.4947880964716457, 20]
[0.01526338661210214, 0.04525467603304948, 0.12453213874480902, 14]
[0.07729098382174049, 0.09547952867052205, 0.1407611842582703, 15]
[0.038390138956230516, 0.052394057771512924, 0.253844687636684, 17]
[0.047751439545448304, 0.025393882729119584, 0.40317070474521366, 19]
[0.05804125177730573, 0.04709317886250395, 0.45309407901150844, 20]
[0.022880258602898104, 0.0878506425988618, 0.12600583162557683, 14]
[0.02017042051946517, 0.06363288762990942, 0.4458121585109641, 15]
[0.030286725419233787, 0.0664679388000065, 0.2985653532218958, 15]
[0.03490116611027265, 0.022792271935766537, 0.34123239225548635, 20]
[0.06873829500518082, 0.06168699145640541, 0.36598990886278726, 20]
[0.0465372213624241, 0.04530151971634768, 0.4515464051338981, 22]
[0.04578617151948434, 0.09745485396028544, 0.25599086471744725, 15]
[0.07328057057648482, 0.07762135802455505, 0.184351763335453, 36]
[0.09825480074332628, 0.03429015235940547, 0.13949767712816039, 18]
[0.018486035258219326, 0.03220964946305552, 0.4785696571482513, 22]
[0.015438596940003203, 0.0630142740171958, 0.2751204003028149, 14]
[0.03225745185166479, 0.02511909770548392, 0.2848344276149969, 20]
[0.04502311495246071, 0.07253020402992226, 0.2210521696904027, 15]
[0.042607433235863204, 0.09867779167190152, 0.4559238775897536, 16]
[0.027798676671488706, 0.03835236576429964, 0.4711092478509086, 31]
[0.0501043807597581, 0.0917520704637904, 0.12850856660062304, 15]
[0.0960906231145557, 0.06967923502490861, 0.2547510389117692, 18]
[0.08230852360717192, 0.057477006611438036, 0.14764458601128483, 17]
